30
8
2019
21
25
100
258
26
8
2019
27
8
2019
30
8
2019
100
28
8
2019
10
30
8
2019
10
10
10
1
2019
30
8
2019
19
2019
0,36
2
3
30
2019
6
30
8
2019
19
21
31
8
2019
30
8
2019
18
8
2019
74
30
8
2019
6
30
8
2019
31
8
2019
30
8
2019
14
00
14
00
30
8
2019
29
8
2019
VII
2029
29
8
2019
045
045
045
II
5
5
D
13
9
045
30
8
2019
30
8
2019
30
8
2019
200
1.000
19
00
20
12
8
20
30
8
2019
9
12
100
6
30
8
2019
1964
98
2
2011
32
30
8
2019
II
30
8
2019
20
2019
118
20,5
575
30
8
2019
2014
97
21
2019
32,2
19
67,8
1
2
1
57
235
1
2
372
29
3
4
5
6
7
30
8
2019
2
9
2019
28
8
2019
30
9
2019
29
8
2019
130
000
2013
2015
II
30
8
2019
26
8
2019
10
85
30
8
2019
0
64
44.462
2018
1.594
50
29
8
2019
28
22
5
5
30
8
2019
30
8
2019
1
3.305.686.984
2018
2017
2.807.581.329
50
2018
3.948.525.500
61
2018
140
564
092
2018
556.863.141
300
30
8
2019
28
8
2019
50
2019
2024
30
8
2019
11
10
31
8
2019
1184
2019
26
2019
1297
23
2019
7
2017
35
41
17
17
2019
30
8
2019
30
8
2019
08
00
10
00
48
27
8
2019
30
8
2019
29
8
2019
14.459
7.137
7.000
14.000
14.000
30
8
2019
28
8
2019
25
300
000
2020
2019
2024
30
8
2019
29
8
2019
3
2019
23
25
2019
2
17
1
2
2016
2017
2
2016
2016
2016
2018
2
2019
30
8
2019
31
8
2019
1441
29
8
2019
2019
30
8
2019
2019
2019
673
2019
841
700
000
2019
300
000
700
000
30
8
2019
300
30
8
2019
8
6
30
8
2019
8
8
2019
11
8
2019
31
2019
22
2010
30
8
2019
30
8
2019
19
8
2019
16
8
2019
1
70
29
8
2019
50
60
70
1931
1945
2015
30
8
2019
2015
12.000
11
27
10
500
40
200
20
84
2018
2019
30
8
2019
31
8
2019
1.853
880
201
772
8.005
2.650
10
10
6
30
8
2019
19
21
31
8
2019
31
43
28
02
30
30
8
2019
338
351
3
15
30
8
2019
108
2017
118
2018
30
8
2019
II
4
7
8
2019
200
1
540
622,5
447,5
307,5
440
342,5
200
24
11
2016
2012
2013
2014
2014
2015
31
10
10
30
8
2019
13
31
13
30
8
2019
2018
30
8
2019
93
5
15
20
18
15
20
7,5
29
8
2019
42
03
02
32
30
8
2019
30
8
2019
3
IV
22
8
2019
I
3
3
5
1990
100
1.250
250
30
8
2019
29
8
2019
2.500
2.500
29
8
2019
30
8
2019
5
10
5
10
5
10
5
30
8
2019
17
29
8
2019
6
30
8
2019
31
8
2019
12
8
2019
30
8
2019
II
I
4
200
2
526
110
416
820
6
250
2
6,45
6
250
2
30
8
2019
2
0
3
0
2
0
3
0
2
0
3
0
III
I
III
30
8
2019
3
0
30
8
2019
26
8
2019
II
26
8
2019
29
8
2019
30
8
2019
29
8
2019
30
8
2019
18
40
19
24
29
8
2019
17
31
8
2019
30
8
2019
3.700
303
1441
29
8
2019
30
8
2019
19
8
2019
16
8
2019
30
8
2019
30
9
2019
3
VII
M
30
8
2019
3
2019
30
8
19
XVI
2020
2020
XVI
XVI
31
43
28
8
2019
30
8
2019
30
8
2019
05
30
2016
19
22
30
8
2019
4
365
340
20
003
003
338
37
100
100
2016
10
30
8
2019
80
20
2030
100
2030
100
2050
2024
100
2025
60
2030
30
8
2019
29
8
2019
30
8
2019
1200
II
1200
501
1
1
II
30
8
2019
1
1
1
30
8
2019
30
8
2019
2018
32
4
2018
60
29
8
2019
30
8
2019
29
30
8
2019
25
26
29
30
3
2019
30
8
2019
2019
673
2019
841
1903
1943
1964
2006
30
8
2019
29
8
2019
3
2019
2024
109
2014
18
128
30
8
2019
73
2014
78
2019
23
36
2014
59
11
47
58
40
10
50
2019
16
9
29
8
2019
30
8
2019
31
8
2019
1
2
3
1
2
3
4
5
30
8
2019
30
8
2019
10
00
17
25
20
1
2017
60
29
8
2019
30
8
2019
29
8
2019
5
30
8
2019
2
2
2
31
13
30
8
2019
2015
IV
2015
25
30
8
2019
417
28
2019
1
II
419
6
II
30
5
2018
2019
2024
4
26
8
2019
30
8
2019
2019
2024
007
07
2015
07
29
8
2019
30
8
2019
30
8
2019
30
8
2019
4
29
8
2019
2
9
2019
30
8
2019
1
2
2019
30
8
2019
I
I
30
8
2019
30
8
2019
10
00
15
00
5
2
30
8
2019
2
2
400
400
2
10
30
8
2019
10
10
10
2019
2023
10
2
9
2019
15
00
10
10
29
8
2019
20
27
29
20
10
20
60
30
8
2019
54
M
23
30
8
2019
60
29
8
2019
30
8
2019
600
29
8
2019
28
8
2019
30
8
2019
6
6
6
12.000
30
8
2019
7
30
8
2019
58
30
8
2019
29
8
2019
1
30
8
2019
1
18
8
2019
100
30
8
2019
10
20
2019
2023
10
2
9
2019
15
00
10
10
29
8
2019
30
8
2019
2
9
2019
30
8
2019
30
8
2019
4
29
8
2019
30
8
2019
30
8
2019
30
8
2019
31
43
30
8
2019
30
8
2019
2
1
30
8
2019
28
2019
1
25
2019
2
30
8
2019
28
8
2019
29
8
2019
2019
1.200
30
8
2019
30
8
2019
IV
IV
30
8
2019
28
8
2019
29
8
2019
28
8
2019
29
8
2019
30
8
2019
17
2019
215
30
8
2019
60
29
8
2019
30
8
2019
600
60
29
8
2019
28
8
2019
30
8
2019
28
8
2019
30
08
2019
10
10
10
24
2019
28
8
2019
24
2019
4
0
4
0
2019
54
M
24
29
8
2019
30
8
2019
35
10
54
M
24
29
8
2019
35
30
8
2019
29
8
2019
5
10
5
10
5
10
5
30
8
2019
30
8
2019
29
8
2019
3
31
8
2019
31
30
8
2019
31
2019
21
2019
21
31
2019
30
8
2019
4
29
8
2019
180
29
8
2019
365
716
29
8
2019
59
2
24
1997
60
29
8
2019
30
8
2019
60
29
8
2019
28
8
2019
32
2014
III
30
08
2019
2
2018
10
2
2018
30
8
2019
2019
2024
29
8
2019
2019
2024
1
9
2
9
2019
11
30
8
2019
11
26
8
2019
3
30
8
2019
9378
30
8
2019
28
8
2019
29
8
2019
M
30
8
2019
2019
2023
10
2
9
2019
15
00
10
3
10
29
8
2019
30
8
2019
100
30
8
2019
29
30
2019
29
2019
2
1
30
8
2019
30
8
2019
6
3
1
1946
2
28
2
19
2016
11
2008
160
14
1
2
1
1946
15
22
2019
30
8
2019
22
2019
30
8
2019
2
1
2
2
1945
30
8
2019
I
8
20
22
30
8
2019
100
000
4
10
10
74
84
45
30
8
2019
54
M
23
30
8
2019
14
50
10
2015
2017
29
8
2019
2019
60
57
91,5
100
92,0
2019
97
97
30
8
2019
2
2019
100
1
157
5
4
2018
2019
2018
1
2
2018
2018
30
8
2019
2014
2019
2
3
4
2019
15
25
54
M
24
30
8
2019
14
00
27
8
2019
30
8
2019
400
400
30
8
2019
29
8
2019
31
8
2019
31
2019
30
8
2019
26
8
2019
3
4
9
4
3
1
3
29
8
2019
12
54
M
23
10
30
8
2019
30
8
2019
2019
28
26
2016
29
8
2019
17
2016
5
2019
DI
30
8
2019
500
000
DI
2019
29
2019
200
2019
29
11
2019
2.389
30
8
2019
1.000.000
2.000.000
27
8
2019
30
8
2019
29
8
2019
30
8
2019
81
11
11
30
8
2019
11
30
8
2019
40
2008
6
2
16
2
6
3
1
1946
2019
2017
30
8
2019
13
2
46
2
2
30
8
2019
30
8
2019
365
716
M
20
60
29
8
2019
30
8
2019
VIII
22
8
2019
18
9
30
8
2019
108
2017
118
2018
10
28
2019
09
00
30
8
2019
2019
2024
30
8
2019
23
8
2019
30
8
2019
1997
8.000
10
000
54
M
23
35
25
1974
1984
1974
1984
2
2
30
8
2019
60
V
30
8
2019
16
2016
2,3
11
2000
119
1
36
100
54
M
23
30
8
2019
10
250
29
8
2019
250
I
54
M
23
10
30
8
2019
2019
2024
30
8
2019
1945
1945
30
8
2019
30
8
2019
30
90
V
30
8
2019
14
2018
30
29
8
2019
30
12
27
15
45
2019
30
1
2019
96
2019
97
2019
99
2019
98
2019
6
2019
29
8
2019
30
8
2019
11
8
1
VIII
27
8
2019
363
276
VIII
2019
31
31
19
28
27
8
2019
13
00
5401
14
30
L
2019
2019
10
1
2
3
1
2
3
I
30
8
2019
5,1
30
8
2019
14
38
14
38
7,54
130,55
97
106
10
30
2019
20
1999
30
1999
80
1975
24
250
000
1.400
1,3
52
30
8
2019
1.828
2019
29
8
2019
031
156
41
138
12,42
1.626
30
8
2019
1.366
462
2,32
1.355
58,76
291
2019
30
29
8
2019
30
II
30
8
2019
30
8
2019
73
29
8
2019
2007
30
8
2019
X
2020
2020
4
30
8
2019
2
5
27
8
2019
29
8
2019
4
4
30
8
2019
1
09
30
30
8
2019
26
8
2019
27
8
2019
80
II
26
2016
30
426,7
2017
35
497,8
46
653,9
4
30
8
2019
29
8
2019
17
3
4
11
3
4
11
1
1
60
3
4
11
II
29
08
19
30
08
19
100
2019
2023
20
29
8
2019
7
8
7
300
3
30
8
2019
10
000
20
000
4.043.195
129
XIII
2015
41
2014
200
501
30
8
2019
XVII
2
501
XVII
60
29
8
2019
60
129
29
8
2019
129
XVII
30
8
2019
200
30
8
2019
28
8
2019
17
8
2019
15
1
21
00
6
9
28
8
2019
2
19
8
2019
29
8
2019
30
8
2019
100
000
4
30
8
2019
30
8
2019
30
8
2019
45
35
35
30
8
2019
25
8
2019
07
00
25
8
2019
01
04
26
8
2019
30
8
2019
81
19
81
50
70
III
30
8
2019
10
30
8
2019
20
29
5
2019
12
2019
29
8
2019
30
8
2019
30
8
2019
28
8
2019
30
8
2019
30
8
2019
XVII
29
8
2019
500
20
10
2
10
30
8
2019
10
500
2019
2023
M
27
8
2019
VII
VII
VII
29
8
2019
60
29
8
2019
90
30
8
2019
28
8
2019
16
00
17
30
10
40
50
29
8
2019
6872
10
500
29
8
2019
30
8
2019
700
M
20
12,5
2000
28,3
19
8
2
1
1
144
2.817
945
14
12
M
29
8
2019
14
3
30
8
2019
30
8
2019
15
29
8
2019
30
8
2019
10
00
7
2
XVII
3
XVII
2017
28
8
2019
2019
01
016
30
8
2019
06
25
07
20
28
8
2019
29
8
2019
200
29
8
2019
2014
2019
2009
2014
2014
2019
2019
2024
2009
2014
25
29
8
2019
30
8
2019
V
2019
37
30
8
2019
16
37
2019
1
2
3
4
5
6
29
8
2019
29
8
2019
27
8
2019
30
8
2019
C
08
00
14
00
10
00
14
00
30
08
2019
29
08
2019
2
155
2018
66
2019
29
8
2019
1
1
25
7
29
8
2019
30
8
2019
30
8
2019
16
00
29
8
2019
29
8
2019
24
2019
29
8
2019
304
V
30
8
2019
4
25
2019
18
30
8
2019
10
30
8
2019
170
68
90
10
500
170
29
8
2019
19
2019
30
08
2019
1
MV
25
29
8
2019
189
33
MV
189
29
8
2019
3
29
08
2019
1701
29
8
2019
2019
2024
29
8
2019
2004
1983
1965
1990
2019
1.697
26
8
2019
8
9
2019
1.697
705
157
50
400
10
10
98
45
25
8
2019
1
28
26
2016
2016
29
8
2019
2016
2017
18
2019
II
30
8
2019
2024
29
8
2019
2024
2024
2024
100
29
8
2019
100
I
80
000
160
000
II
110
000
51.000
I
120
000
II
75.000
2014
II
I
III
IX
XI
27
8
2019
2019
2023
29
8
2019
60
2015
2019
2002
30
8
2019
29
8
2019
2016
50
29
8
2019
500
150
30
7.000
64
30
8
2019
29
8
2019
08
07
365
716
29
8
2019
30
88
64
24
30
8
2019
15
20
29
8
2019
14
27
2019
32.000
1.750
1
1946
29
29
8
2019
03
03
1,5
2011
28
8
2019
500
24
2019
09
00
28
8
2019
29
8
2019
74
74
IV
29
8
2019
74
300
000
3
2019
29
8
2019
29
8
2019
15
2019
76
2014
27
III
2014
29
8
2019
29
8
2019
29
8
2019
313
45
25
27
8
2019
10
10
7
2,5
500
10
M
29
8
2019
28
8
2019
29
8
2019
30
29
8
2019
09
40
I
76
100
2019
3
5
8
29
8
2019
30
8
45
29
8
2019
31
8
2019
30
8
2019
13
30
4
10
17
29
8
2019
28
8
2019
41.000
2024
2024
41.000
29
8
2019
2.000
2020
2020
2.000
55
2019
8
2019
2019
30
0,8
2.650
0,8
1.460
1.200
30
29
8
2019
30
365
716
VII
VIII
3
5
2024
29
8
2019
2019
2024
2024
45
55
29
8
2019
29
8
2019
575
II
2019
2019
39
30
29
8
2019
VII
1
2
29
8
2019
29
8
2019
59
2
24
1997
30
365
716
29
8
2019
6
3
6
14
2019
15
2019
29
8
2019
19
2019
3
1701
20
28
8
2019
28
26
II
012
03
2016
2016
29
8
2019
I
04
29
8
2019
21
I
04
35
29
8
2019
30
8
2019
1
04
00
2
35
35
2019
28
2019
29
8
2019
13
00
100
1
5
11
16
2019
29
8
2019
62
22
59
20
64
15
79
60
11
365
716
29
8
2019
59
2
24
1997
30
30
29
8
2019
15
28
8
2019
20
36
29
8
2019
20
76
D
81
2
23
2002
12
100
6
6
V
6
2019
54
M
23
25
2019
45
10
200
500
17
3
4
11
4
3
4
11
11
53
20
9
12
100
6
695
2019
18
2019
20
20
29
8
2019
30
8
2019
24
29
8
2019
29
8
2019
29
8
2019
29
8
2019
313
29
8
2019
30
8
2019
01
30
2
29
8
2019
29
8
2019
Angka ada sebanyak 2830
